     0/299     15.5G   0.08887   0.02975   0.01954    0.1382       132       640    0.3409    0.3769    0.2793    0.0967   0.05949   0.01958  0.007287
     1/299     14.5G   0.06504   0.02464  0.007691   0.09738       118       640    0.4334    0.4701    0.3958    0.1321   0.05313   0.01603  0.003532
     2/299     14.5G   0.05798    0.0224  0.005352   0.08574        97       640    0.4707    0.5329    0.4596    0.1768   0.04672   0.01574  0.003536
     3/299     14.5G   0.05397   0.02161  0.004664   0.08024       104       640    0.5435     0.567    0.5218    0.2139   0.04623   0.01476  0.002933
     4/299     14.5G   0.05151    0.0213  0.004418   0.07723       111       640    0.5285    0.5517    0.5138    0.1996   0.04437   0.01555  0.003059
     5/299     14.5G   0.04996   0.02124  0.004186   0.07539       114       640    0.4296    0.4547    0.3818    0.1421    0.0476   0.01695  0.003905
     6/299     14.5G   0.04964   0.02131  0.004248    0.0752       102       640    0.5347     0.588    0.5369    0.2196   0.04479   0.01534  0.002773
     7/299     14.5G   0.04892   0.02143  0.004105   0.07445       119       640    0.5784    0.5077    0.5006     0.201   0.04564   0.01529  0.002436
     8/299     14.5G   0.04897   0.02151  0.004304   0.07479        78       640    0.5314    0.5177    0.4736    0.1736   0.04631    0.0162  0.002554
     9/299     14.5G   0.04833   0.02169  0.004039   0.07406        84       640    0.5195    0.4945     0.487     0.194   0.04498   0.01569  0.002819
    10/299     14.5G   0.04745   0.02146  0.003884   0.07279        96       640    0.5927    0.5983    0.5695    0.2409   0.04372   0.01548  0.002421
    11/299     14.5G   0.04698   0.02125  0.003868    0.0721       104       640     0.612    0.6015    0.5923    0.2589   0.04165   0.01468  0.002232
    12/299     14.5G   0.04607   0.02098  0.003671   0.07073        97       640    0.6337    0.5615    0.5968    0.2572   0.04197   0.01473   0.00212
    13/299     14.5G   0.04552   0.02078  0.003521   0.06982       106       640    0.6118    0.5481    0.5705    0.2434   0.04256   0.01457  0.002373
    14/299     14.5G   0.04469   0.02074   0.00338   0.06882        80       640    0.5993    0.5579    0.5518    0.2422    0.0427   0.01527  0.002391
    15/299     14.5G   0.04447   0.02052   0.00337   0.06836        77       640    0.6526    0.6228    0.6577    0.2857   0.04057   0.01397  0.001859
    16/299     14.5G   0.04423   0.02042   0.00325    0.0679       106       640    0.6818    0.6182    0.6603    0.3071   0.04072   0.01398  0.002317
    17/299     14.5G   0.04388   0.02057  0.003176   0.06762       100       640     0.603    0.6176    0.6176    0.2704   0.04119   0.01477  0.002355
    18/299     14.5G   0.04326   0.01993  0.003006    0.0662        78       640    0.6279    0.4991    0.5451    0.2345    0.0418    0.0159  0.002601
    19/299     14.5G    0.0429   0.01981  0.002943   0.06565       102       640    0.6515     0.648    0.6609    0.3022   0.03962   0.01402  0.002187
    20/299     14.5G   0.04299   0.01999  0.002843   0.06582        92       640    0.6544    0.6485    0.6636    0.3026   0.03975   0.01397  0.001956
    21/299     14.5G   0.04223   0.01951  0.002945   0.06469        97       640     0.605    0.6556    0.6419    0.2825   0.04036   0.01441  0.002193
    22/299     14.5G   0.04239   0.01993  0.002845   0.06516       105       640    0.6013    0.6402    0.6214    0.2861   0.04147   0.01457  0.001881
    23/299     14.5G   0.04199   0.01973  0.002857   0.06457        97       640    0.6772    0.6408    0.6554    0.2969   0.04032   0.01414  0.002412
    24/299     14.5G   0.04154   0.01934  0.002562   0.06345       108       640    0.6729     0.625    0.6525    0.3025   0.04019   0.01418  0.002116
    25/299     14.5G   0.04131   0.01944   0.00259   0.06335       105       640    0.6649    0.6766    0.6769    0.3206   0.03957   0.01404  0.001972
    26/299     14.5G   0.04151   0.01905  0.002638    0.0632       104       640    0.6761    0.6707     0.695    0.3301   0.03892   0.01372  0.001742
    27/299     14.5G    0.0409   0.01917  0.002577   0.06266        99       640    0.6779     0.659    0.6788    0.3229   0.03941   0.01376  0.001897
    28/299     14.5G   0.04078   0.01895  0.002508   0.06223       122       640    0.7315    0.6356    0.6859    0.3271   0.03927   0.01362  0.002048
    29/299     14.5G   0.04085   0.01888  0.002651   0.06238        85       640    0.6888    0.6721    0.6875    0.3266   0.03886   0.01354  0.001854
    30/299     14.5G   0.04041   0.01906  0.002584   0.06205        81       640    0.7067    0.6767     0.702    0.3336    0.0393    0.0135  0.001916
    31/299     14.5G   0.04035   0.01885  0.002357   0.06156       101       640    0.6599    0.6645    0.6619    0.3133   0.03951   0.01386  0.001852
    32/299     14.5G   0.04012   0.01893  0.002362   0.06141       113       640    0.6937    0.6641     0.694    0.3334   0.03918   0.01363  0.002083
    33/299     14.5G   0.04005   0.01882  0.002464   0.06133       120       640    0.7022    0.6556    0.6908    0.3259   0.03913   0.01366  0.001916
    34/299     14.5G   0.03971   0.01906  0.002368   0.06113       141       640     0.703    0.6547    0.6912    0.3296   0.03968   0.01386  0.002047
    35/299     14.5G   0.03981    0.0186  0.002294   0.06071       104       640    0.6918    0.6812    0.6981    0.3366   0.03893   0.01358  0.002008
    36/299     14.5G   0.03932   0.01839  0.002293      0.06        82       640    0.7251    0.6634    0.7144    0.3526   0.03844   0.01351  0.002085
    37/299     14.5G    0.0394    0.0184  0.002197      0.06        94       640     0.745    0.6575    0.7224    0.3494   0.03844   0.01335  0.001873
    38/299     14.5G   0.03923   0.01852  0.002194   0.05994       100       640    0.7031    0.7026    0.7192    0.3496   0.03838   0.01315  0.001783
    39/299     14.5G   0.03925    0.0184  0.002199   0.05985        85       640     0.725    0.6769    0.7147    0.3489   0.03868   0.01338  0.001936
    40/299     14.5G   0.03895   0.01821  0.002255   0.05942        87       640    0.6942    0.6836       0.7    0.3397   0.03905   0.01353  0.002344
    41/299     14.5G   0.03899   0.01817  0.002137   0.05929       101       640    0.6602    0.7219     0.707    0.3484    0.0388   0.01347  0.002088
    42/299     14.5G   0.03879    0.0184  0.002153   0.05934       118       640    0.6939    0.7266    0.7167    0.3529   0.03822   0.01346  0.001989
    43/299     14.5G   0.03851   0.01815  0.002129   0.05879       110       640    0.7102    0.6839    0.7151    0.3563   0.03887   0.01331  0.002187
    44/299     14.5G   0.03868   0.01815  0.002163   0.05899        94       640    0.7008    0.6763     0.699    0.3326    0.0388   0.01364  0.002111
    45/299     14.5G   0.03836   0.01816  0.002085   0.05861        92       640    0.7287    0.6782    0.7231    0.3608   0.03829   0.01328  0.001987
    46/299     14.5G    0.0382   0.01829  0.002085   0.05858       151       640    0.6904    0.6918    0.7034    0.3466    0.0385    0.0136  0.001874
    47/299     14.5G   0.03799   0.01817  0.002056   0.05821        93       640    0.7056    0.7127    0.7206    0.3458    0.0385   0.01348   0.00218
    48/299     14.5G   0.03788     0.018  0.001876   0.05776        80       640    0.7252    0.7052    0.7365    0.3638   0.03812   0.01326  0.001953
    49/299     14.5G    0.0376   0.01786  0.001992   0.05745        95       640     0.699    0.7383    0.7369     0.363   0.03825   0.01319  0.001781
    50/299     14.5G   0.03757   0.01782  0.002023   0.05742       102       640    0.7068    0.7255    0.7346    0.3676   0.03808   0.01317  0.002112
    51/299     14.5G   0.03771   0.01771   0.00204   0.05746       121       640    0.7201     0.702    0.7323    0.3693   0.03792   0.01323  0.002153
    52/299     14.5G   0.03727   0.01765  0.001894   0.05681       129       640    0.6899    0.7163    0.7252    0.3582   0.03815   0.01337  0.002038
    53/299     14.5G   0.03737   0.01773  0.001995    0.0571        92       640    0.7084    0.7131    0.7262    0.3537   0.03829   0.01344  0.001958
    54/299     14.5G   0.03722   0.01753  0.002006   0.05676       113       640    0.7285    0.6885    0.7234    0.3601    0.0379   0.01334   0.00203
    55/299     14.5G   0.03709   0.01771  0.001853   0.05665        83       640    0.7363    0.7164    0.7417    0.3725   0.03759   0.01315  0.002035
    56/299     14.5G   0.03694    0.0176  0.001824   0.05636       108       640    0.7243    0.7238    0.7415    0.3719   0.03748   0.01318  0.001883
    57/299     14.5G   0.03709   0.01771   0.00206   0.05686        81       640    0.7057      0.73    0.7359    0.3716    0.0372   0.01326   0.00179
    58/299     14.5G   0.03666   0.01745  0.001789    0.0559       118       640    0.7231    0.7216    0.7261    0.3631   0.03776   0.01337  0.001934
    59/299     14.5G   0.03679   0.01762  0.001897   0.05631       123       640     0.722    0.7139    0.7342    0.3691    0.0374   0.01331  0.001912
    60/299     14.5G   0.03638   0.01721  0.001802    0.0554        80       640    0.7259    0.7091    0.7331     0.372   0.03774   0.01324  0.001752
    61/299     14.5G    0.0365   0.01723  0.001925   0.05565       106       640    0.7155    0.7129    0.7354     0.372    0.0376   0.01325  0.001807
    62/299     14.5G   0.03636   0.01742  0.001841   0.05562       110       640    0.7087    0.7386    0.7417     0.374   0.03737   0.01325   0.00201
    63/299     14.5G   0.03604   0.01687  0.001637   0.05454       128       640    0.7324    0.7186    0.7451    0.3791   0.03726   0.01323  0.002037
    64/299     14.5G   0.03618   0.01717  0.001915   0.05527        85       640    0.7292    0.7017    0.7322    0.3731   0.03719   0.01342  0.001884
    65/299     14.5G   0.03607   0.01714  0.001752   0.05496        95       640    0.7203    0.7152    0.7377    0.3718   0.03753    0.0133  0.001785
    66/299     14.5G   0.03579   0.01734  0.001795   0.05493        89       640    0.7397    0.7158    0.7439    0.3768    0.0373    0.0132  0.001848
    67/299     14.5G   0.03569   0.01733  0.001801   0.05482        96       640     0.729    0.7223    0.7393    0.3771   0.03733    0.0132  0.001699
    68/299     14.5G   0.03568   0.01711  0.001719   0.05451       109       640    0.7528    0.7233    0.7495    0.3779   0.03734   0.01299  0.001667
    69/299     14.5G   0.03575   0.01712  0.001814   0.05468       125       640    0.7622    0.6845    0.7343    0.3732   0.03725   0.01323  0.001753
    70/299     14.5G   0.03588   0.01691  0.001735   0.05452       108       640    0.7509    0.6937    0.7393    0.3704   0.03745   0.01335  0.001513
    71/299     14.5G   0.03528   0.01714  0.001653   0.05407       105       640    0.7149    0.7271    0.7326    0.3649   0.03767   0.01339  0.001711
    72/299     14.5G   0.03548   0.01674  0.001752   0.05398        90       640    0.7636    0.7137    0.7477    0.3797   0.03736   0.01325  0.001694
    73/299     14.5G    0.0355   0.01701   0.00183   0.05434       112       640    0.7519    0.7106    0.7401    0.3757   0.03723    0.0133  0.001795
    74/299     14.5G    0.0353   0.01684  0.001663    0.0538       101       640    0.7218    0.7382    0.7494    0.3815   0.03725   0.01314  0.001745
    75/299     14.5G   0.03538    0.0168  0.001748   0.05393        80       640     0.765    0.7007    0.7499    0.3811   0.03692   0.01329  0.001865
    76/299     14.5G   0.03501   0.01669  0.001772   0.05347        88       640    0.7215    0.7442    0.7385    0.3748   0.03708    0.0133  0.001891
    77/299     14.5G   0.03467   0.01687  0.001692   0.05323        91       640    0.7453    0.7024    0.7372    0.3735   0.03729   0.01331  0.001887
    78/299     14.5G   0.03463   0.01668  0.001668   0.05297       100       640    0.7443     0.705    0.7344    0.3795   0.03734   0.01325  0.001851
    79/299     14.5G   0.03455   0.01631  0.001631   0.05249        98       640      0.77    0.6888    0.7384    0.3821   0.03713   0.01326   0.00176
    80/299     14.5G   0.03442   0.01651  0.001621   0.05255        96       640    0.7502    0.7165     0.748    0.3822   0.03714   0.01314  0.001815
    81/299     14.5G   0.03459   0.01651  0.001576   0.05267        70       640    0.7225    0.7303    0.7389    0.3809   0.03718   0.01317  0.001898
    82/299     14.5G   0.03461    0.0163  0.001669   0.05259        98       640      0.73    0.7425    0.7428    0.3827   0.03707   0.01308  0.001957
    83/299     14.5G   0.03405   0.01647   0.00141   0.05193       100       640     0.758    0.7185    0.7425    0.3882   0.03714   0.01316  0.001821
    84/299     14.5G   0.03429   0.01625  0.001526   0.05206        92       640    0.7502      0.72    0.7461    0.3833   0.03709   0.01321  0.001941
    85/299     14.5G   0.03426   0.01652  0.001578   0.05236        84       640    0.7206    0.7384    0.7467    0.3864   0.03698    0.0132  0.001972
    86/299     14.5G    0.0341   0.01648  0.001492   0.05207       126       640    0.7272    0.7328    0.7463    0.3867   0.03692   0.01321  0.001794
    87/299     14.5G   0.03409   0.01621  0.001617   0.05192        77       640    0.7323    0.7369    0.7444     0.385   0.03679   0.01324  0.001752
    88/299     14.5G   0.03429   0.01637  0.001529   0.05218       102       640    0.7313    0.7393    0.7471    0.3888   0.03705   0.01319   0.00197
    89/299     14.5G   0.03383   0.01611  0.001545   0.05149       109       640     0.752    0.7216    0.7464    0.3882   0.03724   0.01318  0.001945
    90/299     14.5G   0.03353   0.01613  0.001562   0.05123        91       640    0.7673    0.7078    0.7453    0.3901   0.03728   0.01314  0.001998
    91/299     14.5G   0.03372   0.01598  0.001418   0.05111        93       640    0.7692    0.7162    0.7474    0.3902   0.03724   0.01308  0.001988
    92/299     14.5G   0.03361   0.01613  0.001608   0.05134        97       640    0.7472    0.7397    0.7458    0.3866    0.0374   0.01321   0.00203
    93/299     14.5G   0.03336   0.01624  0.001444   0.05105       120       640    0.7569    0.7198    0.7435    0.3843   0.03731    0.0132  0.002033
    94/299     14.5G   0.03338   0.01596  0.001559    0.0509        90       640    0.7571    0.7149    0.7387    0.3846   0.03734   0.01327  0.001939
    95/299     14.5G    0.0335   0.01587  0.001594   0.05096        90       640    0.7446    0.7273    0.7388    0.3875   0.03722   0.01324  0.001914
    96/299     14.5G   0.03347   0.01609  0.001548   0.05111       142       640    0.7489    0.7313     0.743    0.3876   0.03719   0.01327  0.001872
    97/299     14.5G   0.03294   0.01574  0.001397   0.05008        89       640    0.7534    0.7294    0.7432    0.3874   0.03699   0.01327   0.00193
    98/299     14.5G   0.03317   0.01611  0.001476   0.05075       111       640    0.7611    0.7232    0.7461    0.3907   0.03687   0.01323  0.001953
    99/299     14.5G   0.03291   0.01576  0.001385   0.05005       111       640    0.7646    0.7146    0.7439    0.3922   0.03697   0.01327  0.001912
   100/299     14.5G   0.03286   0.01587  0.001422   0.05015       128       640    0.7449    0.7346     0.749    0.3923   0.03695   0.01328  0.001905
   101/299     14.5G   0.03266   0.01573  0.001544   0.04993       107       640     0.774     0.706    0.7474    0.3932   0.03691   0.01333  0.001893
   102/299     14.5G    0.0327   0.01567  0.001496   0.04987        81       640     0.771    0.7143    0.7479    0.3937   0.03686   0.01339  0.001867
   103/299     14.5G   0.03288   0.01579    0.0014   0.05006       112       640    0.7459    0.7374    0.7455    0.3907   0.03693    0.0134  0.001832
   104/299     14.5G   0.03247   0.01566  0.001351   0.04948       146       640    0.7603     0.725    0.7477    0.3928   0.03688   0.01341    0.0018
   105/299     14.5G   0.03259   0.01548  0.001449   0.04951        93       640    0.7577    0.7301    0.7485    0.3904   0.03695   0.01341  0.001799
   106/299     14.5G   0.03262    0.0154   0.00139   0.04941       115       640    0.7475    0.7354    0.7477     0.388   0.03707   0.01338   0.00186
   107/299     14.5G   0.03191   0.01556  0.001372   0.04884        96       640    0.7589    0.7279    0.7449    0.3882   0.03706   0.01341  0.001854
   108/299     14.5G   0.03245   0.01561  0.001297   0.04935       129       640    0.7453    0.7402    0.7458    0.3893   0.03702   0.01342  0.001912
   109/299     14.5G   0.03222   0.01565  0.001411   0.04928       109       640    0.7412    0.7464    0.7503    0.3904   0.03697   0.01341  0.001942
   110/299     14.5G   0.03217   0.01569  0.001484   0.04935       105       640    0.7759    0.7174    0.7506    0.3896     0.037   0.01339   0.00192
   111/299     14.5G   0.03198   0.01537   0.00141   0.04876        72       640    0.7835    0.7107     0.746     0.389     0.037    0.0134  0.001902
   112/299     14.5G   0.03207   0.01547  0.001366   0.04891        99       640    0.7779    0.7184    0.7483    0.3893   0.03695   0.01341  0.001875
   113/299     14.5G   0.03198   0.01554   0.00133   0.04885       131       640    0.7737    0.7201    0.7469    0.3886   0.03699   0.01343  0.001887
   114/299     14.5G     0.032    0.0155  0.001388   0.04888        91       640     0.791    0.7039    0.7473    0.3907   0.03699   0.01344  0.001888
   115/299     14.5G   0.03187   0.01532  0.001367   0.04856        90       640    0.7786    0.7146    0.7443    0.3911   0.03698   0.01346  0.001869
   116/299     14.5G   0.03161   0.01535  0.001273   0.04824        95       640    0.7816    0.7133    0.7462    0.3913   0.03704   0.01348  0.001843
   117/299     14.5G   0.03181   0.01533  0.001385   0.04853       128       640    0.7709    0.7207    0.7435    0.3915   0.03702    0.0135  0.001841
   118/299     14.5G   0.03164   0.01501  0.001355   0.04801       103       640    0.7771    0.7113    0.7436    0.3919   0.03703   0.01352  0.001855
   119/299     14.5G   0.03177   0.01519  0.001364   0.04833       111       640    0.7665    0.7152    0.7424     0.392   0.03706   0.01356  0.001855
   120/299     14.5G   0.03147   0.01545  0.001348   0.04826        90       640    0.7514    0.7287    0.7404    0.3904   0.03712   0.01358  0.001871
   121/299     14.5G    0.0315   0.01519  0.001318   0.04801        91       640    0.7615    0.7201    0.7426    0.3907   0.03718   0.01359  0.001877
   122/299     14.5G   0.03152    0.0151  0.001334   0.04795        99       640    0.7454    0.7299    0.7401    0.3919   0.03724   0.01361   0.00188
   123/299     14.5G   0.03109   0.01516  0.001337   0.04759       100       640    0.7538    0.7241     0.739    0.3917   0.03725   0.01363  0.001887
   124/299     14.5G   0.03125   0.01517  0.001397   0.04782       105       640    0.7614    0.7159    0.7369    0.3912   0.03725   0.01364  0.001903
   125/299     14.5G   0.03107   0.01513  0.001271   0.04747       105       640    0.7587    0.7184    0.7369    0.3908   0.03724   0.01363  0.001901
   126/299     14.5G   0.03114   0.01496  0.001201    0.0473       108       640    0.7549    0.7194     0.737    0.3906   0.03721   0.01362  0.001903
   127/299     14.5G     0.031   0.01517  0.001291   0.04746       113       640    0.7608    0.7138    0.7352    0.3906    0.0372   0.01362  0.001919
   128/299     14.5G   0.03084   0.01494  0.001211   0.04698        96       640    0.7505    0.7201    0.7369    0.3908    0.0372   0.01362  0.001947
   129/299     14.5G   0.03068    0.0151  0.001232   0.04701       129       640      0.75    0.7217    0.7353     0.391   0.03722   0.01361  0.001948
   130/299     14.5G   0.03053   0.01494  0.001212   0.04668       120       640    0.7462    0.7252    0.7369    0.3905   0.03724   0.01361  0.001944
   131/299     14.5G   0.03088   0.01495  0.001286   0.04711       121       640    0.7537    0.7176    0.7379    0.3916   0.03724    0.0136   0.00193
   132/299     14.5G   0.03055   0.01478  0.001159   0.04649        87       640    0.7462    0.7226     0.737    0.3915   0.03725    0.0136  0.001929
   133/299     14.5G   0.03042     0.015  0.001216   0.04664       113       640    0.7374    0.7371    0.7386     0.392   0.03725    0.0136  0.001928
   134/299     14.5G   0.03056    0.0149  0.001269   0.04673       135       640    0.7343    0.7435    0.7391    0.3921   0.03726   0.01361  0.001922
   135/299     14.5G   0.03053   0.01461  0.001266   0.04641       105       640    0.7458    0.7359    0.7408    0.3921   0.03728   0.01362  0.001919
   136/299     14.5G   0.03051   0.01465  0.001252   0.04641        99       640    0.7511    0.7314    0.7413    0.3915   0.03728   0.01364  0.001907
   137/299     14.5G   0.03028   0.01447  0.001241   0.04599        83       640    0.7441    0.7399    0.7411    0.3909   0.03729   0.01366  0.001892
   138/299     14.5G   0.03007   0.01467  0.001253   0.04599       114       640    0.7441    0.7384    0.7423    0.3913   0.03728   0.01366   0.00186
   139/299     14.5G   0.02974   0.01449  0.001086   0.04531        90       640    0.7481     0.737    0.7412    0.3906   0.03728   0.01367  0.001849
   140/299     14.5G      0.03   0.01462  0.001189   0.04581       117       640     0.753    0.7335     0.741    0.3908   0.03727   0.01367  0.001855
   141/299     14.5G   0.02986   0.01449   0.00118   0.04553       103       640    0.7499    0.7356    0.7406    0.3905   0.03726   0.01367  0.001845
   142/299     14.5G   0.02996   0.01467  0.001276    0.0459       113       640    0.7411    0.7473    0.7406    0.3909   0.03727   0.01368  0.001829
   143/299     14.5G   0.02977   0.01434  0.001177   0.04528        91       640    0.7493    0.7382    0.7421    0.3919   0.03727   0.01368  0.001809
   144/299     14.5G   0.02968   0.01455  0.001123   0.04535       101       640    0.7517    0.7383    0.7418    0.3926   0.03727   0.01369  0.001798
   145/299     14.5G   0.02968   0.01438  0.001155   0.04522        86       640    0.7439    0.7458    0.7424    0.3932   0.03728    0.0137  0.001781
   146/299     14.5G   0.02945   0.01441  0.001199   0.04506        99       640    0.7408    0.7488     0.743    0.3936   0.03728    0.0137  0.001768
   147/299     14.5G   0.02942   0.01435   0.00118   0.04495       114       640    0.7515     0.736    0.7419    0.3926   0.03728   0.01371  0.001748
   148/299     14.5G   0.02955    0.0141  0.001219   0.04487       121       640    0.7549     0.733    0.7418    0.3925   0.03728   0.01372  0.001731
   149/299     14.5G   0.02942   0.01426  0.001161   0.04484       108       640    0.7537    0.7374    0.7445    0.3934   0.03729   0.01373  0.001721
   150/299     14.5G   0.02935   0.01414  0.001141   0.04464       117       640    0.7483    0.7416    0.7464    0.3941   0.03728   0.01374  0.001716
   151/299     14.5G   0.02915   0.01412  0.001212   0.04448       107       640    0.7585    0.7273    0.7447    0.3941   0.03728   0.01375  0.001715
   152/299     14.5G   0.02914   0.01425  0.001173   0.04456       104       640    0.7506     0.733    0.7438    0.3938   0.03728   0.01376  0.001701
   153/299     14.5G   0.02896    0.0142  0.001159   0.04432       109       640    0.7573     0.729    0.7447    0.3939   0.03727   0.01376  0.001685
   154/299     14.5G   0.02883   0.01396   0.00111    0.0439       100       640    0.7558    0.7278    0.7429    0.3943   0.03726   0.01377  0.001676
   155/299     14.5G   0.02879   0.01416  0.001069   0.04402       116       640    0.7547    0.7292    0.7419     0.394   0.03726   0.01378   0.00167
   156/299     14.5G   0.02892   0.01399  0.001148   0.04406        87       640    0.7525    0.7304    0.7412    0.3939   0.03726   0.01378  0.001659
   157/299     14.5G   0.02893   0.01417  0.001141   0.04424       116       640    0.7524     0.732    0.7414    0.3942   0.03726   0.01379  0.001654
   158/299     14.5G   0.02872   0.01413  0.001018   0.04387        87       640    0.7458    0.7405    0.7414    0.3942   0.03726    0.0138  0.001652
   159/299     14.5G   0.02856   0.01388  0.001117   0.04356       107       640    0.7493    0.7374    0.7409    0.3947   0.03725   0.01381  0.001651
   160/299     14.5G    0.0286   0.01396  0.001088   0.04364       108       640    0.7493    0.7372    0.7421    0.3955   0.03725   0.01381  0.001652
   161/299     14.5G    0.0284   0.01397  0.001077   0.04344        77       640    0.7476    0.7387    0.7419    0.3952   0.03724   0.01382  0.001651
   162/299     14.5G   0.02858   0.01379  0.001025    0.0434        96       640    0.7501    0.7347    0.7409    0.3943   0.03725   0.01383  0.001651
   163/299     14.5G   0.02839   0.01385   0.00114   0.04338        98       640    0.7486    0.7364    0.7402    0.3936   0.03726   0.01383  0.001647
   164/299     14.5G   0.02839   0.01391  0.001208   0.04351       106       640    0.7506     0.738    0.7411    0.3939   0.03727   0.01384  0.001645
   165/299     14.5G   0.02818   0.01385  0.001001   0.04303        89       640    0.7495     0.739    0.7411    0.3941   0.03728   0.01385  0.001646
   166/299     14.5G   0.02836   0.01389  0.001132   0.04339        97       640    0.7527    0.7351     0.741    0.3938   0.03729   0.01385   0.00165
   167/299     14.5G   0.02796   0.01401  0.001101   0.04307        74       640    0.7425    0.7462    0.7411    0.3938    0.0373   0.01386  0.001651
   168/299     14.5G   0.02811   0.01373  0.001122   0.04296       106       640     0.746    0.7438     0.741    0.3933    0.0373   0.01387  0.001651
   169/299     14.5G   0.02804   0.01384    0.0011   0.04298       102       640    0.7481    0.7435    0.7413     0.393   0.03731   0.01387  0.001651
   170/299     14.5G   0.02774   0.01382  0.001084   0.04264        89       640    0.7456    0.7454    0.7414    0.3931   0.03732   0.01388  0.001653
   171/299     14.5G   0.02763   0.01363 0.0009433    0.0422        95       640    0.7441    0.7473    0.7415     0.393   0.03733   0.01388  0.001654
   172/299     14.5G   0.02771   0.01387  0.001122   0.04271       121       640     0.745    0.7488    0.7424    0.3932   0.03734   0.01388  0.001656
   173/299     14.5G   0.02751   0.01356 0.0009977   0.04207        97       640    0.7438    0.7491    0.7422    0.3938   0.03734   0.01389  0.001657
   174/299     14.5G   0.02763   0.01384  0.001108   0.04258       128       640    0.7552    0.7381     0.743    0.3937   0.03735   0.01389  0.001657
   175/299     14.5G   0.02755   0.01362  0.001083   0.04225        82       640    0.7568    0.7386    0.7425     0.394   0.03735    0.0139  0.001656
   176/299     14.5G   0.02753   0.01367   0.00105   0.04225        95       640    0.7551    0.7367      0.74     0.394   0.03736   0.01391  0.001655
   177/299     14.5G    0.0273   0.01352  0.001003   0.04182        81       640    0.7571    0.7347    0.7411    0.3944   0.03737   0.01391  0.001656
   178/299     14.5G   0.02724   0.01353  0.001117   0.04188       116       640    0.7507    0.7411    0.7409     0.394   0.03737   0.01392  0.001655
   179/299     14.5G   0.02721   0.01334  0.001052    0.0416       100       640    0.7503    0.7439    0.7413    0.3939   0.03737   0.01392  0.001656
   180/299     14.5G   0.02713   0.01343  0.001023   0.04158       107       640    0.7501    0.7446    0.7414    0.3939   0.03737   0.01393  0.001656
   181/299     14.5G   0.02694   0.01336 0.0009611   0.04126       120       640    0.7452    0.7493    0.7395     0.394   0.03738   0.01393  0.001657
   182/299     14.5G   0.02715    0.0132  0.001047    0.0414       100       640    0.7433    0.7476    0.7388     0.394   0.03739   0.01394  0.001658
   183/299     14.5G   0.02706   0.01332  0.001024    0.0414       100       640    0.7448    0.7478    0.7395    0.3933    0.0374   0.01395   0.00166
   184/299     14.5G   0.02695    0.0134  0.001028   0.04138       106       640    0.7453    0.7483    0.7385    0.3934    0.0374   0.01395   0.00166
   185/299     14.5G   0.02673   0.01335  0.001001   0.04108        94       640    0.7447    0.7473    0.7388     0.394   0.03741   0.01395  0.001661
   186/299     14.5G   0.02665   0.01325  0.001048   0.04096        94       640    0.7453    0.7466    0.7386    0.3941   0.03741   0.01396  0.001661
   187/299     14.5G   0.02657   0.01324  0.001001   0.04081        95       640    0.7478     0.744    0.7386    0.3943   0.03742   0.01397  0.001661
   188/299     14.5G   0.02652   0.01322  0.001009   0.04075       112       640     0.745    0.7464    0.7384    0.3939   0.03742   0.01397  0.001661
   189/299     14.5G   0.02642   0.01308 0.0009542   0.04045       102       640    0.7432     0.749    0.7382    0.3941   0.03743   0.01398  0.001663
   190/299     14.5G   0.02632   0.01315 0.0009847   0.04045       114       640    0.7432    0.7481    0.7391    0.3944   0.03744   0.01399  0.001664
   191/299     14.5G   0.02669   0.01296 0.0009828   0.04063        80       640    0.7407    0.7504    0.7397    0.3944   0.03745   0.01399  0.001665
   192/299     14.5G   0.02664   0.01307  0.001024   0.04074       104       640    0.7401    0.7508    0.7389    0.3943   0.03745     0.014  0.001666
   193/299     14.5G   0.02646   0.01325   0.00107   0.04078       101       640    0.7427    0.7482    0.7389    0.3946   0.03746     0.014  0.001667
   194/299     14.5G    0.0265   0.01309  0.001005   0.04059       100       640    0.7438    0.7482    0.7392    0.3945   0.03747   0.01401  0.001668
   195/299     14.5G   0.02646     0.013  0.001029   0.04049        79       640    0.7431    0.7484    0.7391    0.3953   0.03748   0.01402  0.001668
   196/299     14.5G   0.02617   0.01305  0.001013   0.04024       109       640    0.7428    0.7482    0.7389    0.3952   0.03748   0.01402  0.001669
   197/299     14.5G   0.02572   0.01285 0.0009155   0.03949       103       640    0.7447    0.7479    0.7409    0.3947   0.03749   0.01403   0.00167
   198/299     14.5G   0.02593   0.01287  0.001038   0.03983        76       640    0.7436    0.7479    0.7415     0.395    0.0375   0.01404  0.001671
   199/299     14.5G   0.02588   0.01278  0.000936    0.0396        93       640    0.7448    0.7466    0.7415    0.3955   0.03751   0.01404  0.001671
   200/299     14.5G   0.02558   0.01298 0.0009614   0.03952       114       640    0.7452    0.7463    0.7412    0.3952   0.03752   0.01405  0.001673
   201/299     14.5G   0.02558   0.01284 0.0008656   0.03928       105       640    0.7401    0.7509    0.7413    0.3949   0.03753   0.01406  0.001676
   202/299     14.5G   0.02579   0.01275 0.0009084   0.03945        88       640    0.7492    0.7416    0.7411     0.395   0.03754   0.01406  0.001676
   203/299     14.5G   0.02555   0.01293 0.0009474   0.03943       106       640    0.7496    0.7397    0.7396    0.3956   0.03755   0.01407  0.001677
   204/299     14.5G   0.02569   0.01293 0.0009188   0.03954       120       640    0.7492    0.7414    0.7397    0.3954   0.03756   0.01408   0.00168
   205/299     14.5G   0.02569   0.01286 0.0009486    0.0395        89       640    0.7444    0.7451    0.7395    0.3953   0.03758   0.01409  0.001681
   206/299     14.5G   0.02535   0.01266 0.0009769   0.03899       115       640    0.7607    0.7311    0.7394    0.3952   0.03759    0.0141  0.001682
   207/299     14.5G   0.02567   0.01286  0.001018   0.03954       117       640    0.7468    0.7449    0.7407    0.3952    0.0376   0.01411  0.001685
   208/299     14.5G   0.02539   0.01272 0.0009158   0.03902        99       640    0.7478    0.7438    0.7407    0.3952   0.03761   0.01412  0.001689
   209/299     14.5G   0.02525   0.01261 0.0008849   0.03875        95       640    0.7501    0.7432    0.7407    0.3953   0.03762   0.01413   0.00169
   210/299     14.5G   0.02525   0.01253 0.0009311   0.03871       127       640      0.75     0.744     0.741    0.3952   0.03763   0.01414  0.001691
   211/299     14.5G   0.02524   0.01247 0.0009047   0.03861       112       640    0.7516    0.7437    0.7411    0.3952   0.03764   0.01415  0.001693
   212/299     14.5G   0.02526   0.01254 0.0008521   0.03865        97       640    0.7525    0.7429    0.7409    0.3954   0.03765   0.01416  0.001696
   213/299     14.5G   0.02513   0.01255 0.0009432   0.03863       114       640     0.754    0.7423    0.7407     0.395   0.03766   0.01417  0.001697
   214/299     14.5G   0.02497   0.01232 0.0007978   0.03808        95       640    0.7537    0.7425    0.7399    0.3944   0.03767   0.01418  0.001699
   215/299     14.5G   0.02483   0.01242 0.0008502   0.03809        89       640    0.7455    0.7505    0.7398    0.3941   0.03767   0.01419  0.001699
   216/299     14.5G   0.02463   0.01245 0.0008746   0.03796       151       640    0.7456    0.7503    0.7395    0.3937   0.03768    0.0142    0.0017
   217/299     14.5G    0.0247   0.01237 0.0008627   0.03793       103       640    0.7455    0.7499    0.7383    0.3937   0.03768   0.01421  0.001702
   218/299     14.5G   0.02479   0.01224  0.000826   0.03786       107       640    0.7531     0.741    0.7381    0.3941   0.03769   0.01422  0.001702
   219/299     14.5G   0.02471   0.01254 0.0008871   0.03814       126       640    0.7428    0.7509    0.7382    0.3939    0.0377   0.01423  0.001703
   220/299     14.5G   0.02458   0.01237 0.0007986   0.03775        78       640    0.7426    0.7513    0.7386    0.3936    0.0377   0.01424  0.001703
   221/299     14.5G   0.02462   0.01233 0.0009055   0.03786        78       640    0.7425    0.7521    0.7386    0.3936   0.03771   0.01424  0.001704
   222/299     14.5G   0.02453   0.01219 0.0008627   0.03758       119       640     0.742    0.7521    0.7388    0.3937   0.03772   0.01425  0.001705
   223/299     14.5G    0.0245   0.01215 0.0008541    0.0375        87       640    0.7441    0.7495    0.7386    0.3945   0.03773   0.01426  0.001707
   224/299     14.5G   0.02459   0.01218 0.0008743   0.03764       113       640    0.7437    0.7483    0.7383    0.3942   0.03774   0.01427  0.001709
   225/299     14.5G   0.02437    0.0123 0.0009016   0.03758        82       640    0.7438    0.7479    0.7381    0.3939   0.03774   0.01428  0.001709
   226/299     14.5G   0.02433   0.01245 0.0009249   0.03771       103       640    0.7446    0.7482    0.7386     0.394   0.03775   0.01429   0.00171
   227/299     14.5G   0.02417   0.01227 0.0007971   0.03724       103       640    0.7706    0.7238    0.7386     0.394   0.03775    0.0143  0.001711
   228/299     14.5G   0.02401   0.01224  0.000849    0.0371       117       640    0.7468    0.7461    0.7383    0.3944   0.03776   0.01431  0.001712
   229/299     14.5G   0.02392   0.01215 0.0008058   0.03688       115       640    0.7459    0.7457    0.7369    0.3937   0.03776   0.01432  0.001713
   230/299     14.5G   0.02407   0.01204 0.0008741   0.03699       122       640    0.7442    0.7475    0.7366    0.3939   0.03776   0.01433  0.001715
   231/299     14.5G   0.02405   0.01215 0.0008719   0.03707       102       640    0.7463    0.7477    0.7377    0.3937   0.03778   0.01434  0.001717
   232/299     14.5G   0.02395   0.01198 0.0008607   0.03679       101       640    0.7462    0.7473    0.7372    0.3936   0.03779   0.01435  0.001719
   233/299     14.5G   0.02396   0.01209 0.0009214   0.03697        94       640    0.7474    0.7452    0.7371    0.3935    0.0378   0.01436   0.00172
   234/299     14.5G   0.02388   0.01196 0.0008317   0.03667       103       640    0.7442    0.7493     0.738    0.3936    0.0378   0.01437  0.001722
   235/299     14.5G   0.02402     0.012 0.0008962   0.03692       101       640     0.745    0.7483    0.7381     0.393   0.03781   0.01438  0.001723
   236/299     14.5G   0.02373   0.01193 0.0008783   0.03654        87       640     0.743    0.7504    0.7379    0.3929   0.03782   0.01439  0.001724
   237/299     14.5G   0.02383   0.01186 0.0008662   0.03655        88       640    0.7437    0.7495    0.7379     0.393   0.03783    0.0144  0.001726
   238/299     14.5G   0.02369   0.01187 0.0008244   0.03638        93       640    0.7432     0.751    0.7376    0.3932   0.03783   0.01441  0.001727
   239/299     14.5G   0.02352   0.01194 0.0008331    0.0363       105       640    0.7459    0.7505    0.7385    0.3929   0.03784   0.01442   0.00173
   240/299     14.5G   0.02349   0.01188 0.0007994   0.03617       136       640    0.7465    0.7501     0.739    0.3929   0.03785   0.01443  0.001732
   241/299     14.5G   0.02337    0.0118 0.0008255     0.036        89       640    0.7462    0.7512    0.7385    0.3927   0.03786   0.01444  0.001735
   242/299     14.5G   0.02324   0.01184 0.0007604   0.03584       121       640    0.7474    0.7503    0.7384    0.3924   0.03787   0.01445  0.001735
   243/299     14.5G   0.02334    0.0118 0.0007806   0.03592        76       640    0.7499    0.7461    0.7376    0.3932   0.03788   0.01446  0.001736
   244/299     14.5G   0.02305   0.01175 0.0008071   0.03561       102       640    0.7507    0.7466    0.7382    0.3933   0.03788   0.01448  0.001736
   245/299     14.5G     0.023   0.01177 0.0007759   0.03554       125       640    0.7495    0.7471    0.7372    0.3928   0.03789   0.01449  0.001736
   246/299     14.5G   0.02284   0.01172 0.0008127   0.03538        84       640    0.7493     0.747    0.7372    0.3927    0.0379    0.0145  0.001736
   247/299     14.5G   0.02318   0.01161 0.0007621   0.03555        83       640    0.7502    0.7456    0.7374    0.3929    0.0379   0.01451  0.001738
   248/299     14.5G   0.02283    0.0116 0.0008314   0.03526        98       640    0.7508    0.7442    0.7373    0.3923    0.0379   0.01451   0.00174
   249/299     14.5G   0.02307   0.01175 0.0007919   0.03561        79       640    0.7514    0.7452    0.7372    0.3922   0.03791   0.01452  0.001741
   250/299     14.5G     0.023   0.01151 0.0007484   0.03526       107       640    0.7516    0.7455    0.7376    0.3929   0.03791   0.01453  0.001742
   251/299     14.5G   0.02291   0.01155 0.0008624   0.03532       103       640    0.7503    0.7451    0.7368    0.3929   0.03792   0.01454  0.001744
   252/299     14.5G   0.02302   0.01164   0.00082   0.03547       118       640    0.7473    0.7485    0.7374     0.393   0.03792   0.01455  0.001744
   253/299     14.5G   0.02275   0.01156 0.0008046   0.03511        87       640    0.7525    0.7442    0.7374    0.3924   0.03793   0.01456  0.001744
   254/299     14.5G    0.0229   0.01167 0.0007941   0.03536       108       640    0.7533    0.7427    0.7374    0.3933   0.03793   0.01457  0.001746
   255/299     14.5G   0.02264    0.0115 0.0008065   0.03494        64       640    0.7473    0.7471     0.737    0.3933   0.03794   0.01458  0.001747
   256/299     14.5G    0.0228   0.01169 0.0008065    0.0353        99       640    0.7739    0.7231    0.7361    0.3931   0.03795   0.01459  0.001747
   257/299     14.5G   0.02258   0.01147 0.0007334   0.03478       103       640    0.7628    0.7338    0.7365    0.3923   0.03795   0.01461  0.001747
   258/299     14.5G   0.02286    0.0114 0.0008103   0.03508       104       640    0.7651     0.732    0.7362    0.3923   0.03796   0.01462  0.001747
   259/299     14.5G   0.02245   0.01152 0.0007303   0.03471        69       640    0.7634    0.7337    0.7362    0.3926   0.03797   0.01463  0.001749
   260/299     14.5G   0.02239   0.01136 0.0007658   0.03452        96       640    0.7633    0.7327    0.7344    0.3922   0.03797   0.01464  0.001751
   261/299     14.5G   0.02255   0.01142 0.0008221   0.03479        93       640    0.7477    0.7478    0.7347    0.3922   0.03798   0.01466  0.001752
   262/299     14.5G   0.02224   0.01121 0.0007761   0.03423       109       640    0.7478    0.7475    0.7342    0.3921   0.03799   0.01467  0.001753
   263/299     14.5G   0.02235    0.0115 0.0007301   0.03459       130       640    0.7458     0.749    0.7339    0.3921   0.03799   0.01468  0.001754
   264/299     14.5G   0.02244   0.01133 0.0008139   0.03458       108       640    0.7452    0.7496    0.7342    0.3915     0.038   0.01469  0.001756
   265/299     14.5G   0.02217   0.01139 0.0007514   0.03431        99       640    0.7597    0.7357    0.7339    0.3919     0.038    0.0147  0.001757
   266/299     14.5G   0.02216   0.01133 0.0007484   0.03424       109       640    0.7611    0.7354     0.735     0.392   0.03801   0.01472  0.001758
   267/299     14.5G   0.02216   0.01135 0.0007207   0.03422        98       640    0.7599    0.7358    0.7347    0.3913   0.03802   0.01473  0.001758
   268/299     14.5G   0.02222   0.01128  0.000744   0.03424       106       640    0.7583    0.7361    0.7344    0.3912   0.03802   0.01474   0.00176
   269/299     14.5G   0.02192   0.01118 0.0007251   0.03383       105       640    0.7565    0.7376    0.7342    0.3908   0.03803   0.01475  0.001761
   270/299     14.5G   0.02203   0.01128 0.0007373   0.03405       117       640    0.7844    0.7135    0.7347    0.3907   0.03804   0.01476  0.001763
   271/299     14.5G   0.02199    0.0113  0.000766   0.03405       112       640    0.7842    0.7141    0.7349    0.3907   0.03804   0.01477  0.001766
   272/299     14.5G   0.02205   0.01116 0.0007143   0.03392       104       640    0.7559    0.7382     0.735      0.39   0.03805   0.01478  0.001769
   273/299     14.5G   0.02206   0.01121 0.0007953   0.03407       149       640    0.7684    0.7236     0.734    0.3903   0.03806    0.0148   0.00177
   274/299     14.5G   0.02183   0.01123 0.0006402   0.03371       119       640    0.7678    0.7246    0.7332    0.3898   0.03806   0.01481  0.001772
   275/299     14.5G   0.02192   0.01116 0.0007834   0.03387        76       640    0.7693    0.7245    0.7339    0.3897   0.03807   0.01482  0.001773
   276/299     14.5G    0.0219   0.01115 0.0007773   0.03382        74       640    0.7709    0.7236    0.7343     0.389   0.03807   0.01483  0.001776
   277/299     14.5G   0.02187   0.01125 0.0007667   0.03388        97       640    0.7708     0.725    0.7357    0.3894   0.03808   0.01485  0.001779
   278/299     14.5G   0.02179   0.01112 0.0007289   0.03364        97       640    0.7733    0.7224    0.7356    0.3895   0.03809   0.01486  0.001781
   279/299     14.5G   0.02192   0.01114 0.0007225   0.03378        83       640    0.7712    0.7247    0.7355    0.3896    0.0381   0.01487  0.001783
   280/299     14.5G   0.02189   0.01104 0.0007498   0.03367        87       640    0.7829    0.7118     0.735    0.3896   0.03811   0.01488  0.001786
   281/299     14.5G   0.02161   0.01102 0.0008007   0.03343        85       640     0.768    0.7248    0.7348    0.3897   0.03811   0.01489  0.001789
   282/299     14.5G   0.02159   0.01109 0.0007565   0.03343       109       640    0.7796    0.7137    0.7344    0.3893   0.03812    0.0149  0.001791
   283/299     14.5G   0.02147   0.01108 0.0007737   0.03332       113       640    0.7826    0.7137    0.7346    0.3894   0.03812   0.01491  0.001793
   284/299     14.5G   0.02153   0.01114 0.0007745   0.03344        92       640    0.7689    0.7259    0.7354    0.3895   0.03813   0.01492  0.001797
   285/299     14.5G   0.02164   0.01098 0.0007227   0.03335       118       640    0.7807    0.7151    0.7355    0.3892   0.03814   0.01494  0.001799
   286/299     14.5G    0.0217   0.01108 0.0007285   0.03351        82       640     0.747    0.7444    0.7351    0.3889   0.03814   0.01495  0.001801
   287/299     14.5G   0.02171   0.01108 0.0007518   0.03355        95       640    0.7482    0.7435    0.7356    0.3889   0.03815   0.01496  0.001804
   288/299     14.5G   0.02152   0.01092 0.0007236   0.03317       105       640    0.7519    0.7399    0.7355    0.3888   0.03816   0.01497  0.001807
   289/299     14.5G    0.0215   0.01102 0.0007539   0.03327        97       640    0.7487    0.7412    0.7347    0.3887   0.03817   0.01498  0.001809
   290/299     14.5G   0.02159   0.01114 0.0007428   0.03348       100       640    0.7498    0.7406    0.7352    0.3892   0.03818   0.01499  0.001811
   291/299     14.5G   0.02156    0.0108 0.0006994   0.03305        79       640    0.7509    0.7417    0.7354    0.3892   0.03819     0.015  0.001812
   292/299     14.5G   0.02137   0.01089  0.000676   0.03294       117       640    0.7487    0.7417    0.7354    0.3889   0.03819   0.01501  0.001814
   293/299     14.5G    0.0216   0.01089 0.0008113    0.0333        85       640    0.7697     0.721    0.7352     0.389   0.03819   0.01502  0.001817
   294/299     14.5G   0.02158   0.01114 0.0007378   0.03345       106       640    0.7415    0.7477    0.7353    0.3894    0.0382   0.01503   0.00182
   295/299     14.5G   0.02137   0.01113 0.0007443   0.03324       113       640    0.7746    0.7171    0.7353     0.389   0.03821   0.01505  0.001823
   296/299     14.5G   0.02136   0.01082 0.0006962   0.03287        91       640    0.7748    0.7184    0.7349    0.3885   0.03822   0.01506  0.001825
   297/299     14.5G   0.02145   0.01095 0.0006842   0.03308       114       640    0.7762     0.717    0.7351    0.3882   0.03823   0.01507  0.001828
   298/299     14.5G   0.02122   0.01096 0.0006786   0.03285        68       640    0.7733    0.7179    0.7342    0.3888   0.03824   0.01508  0.001832
   299/299     14.5G   0.02142   0.01096 0.0007404   0.03313       100       640    0.7759     0.717     0.735    0.3882   0.03824    0.0151  0.001835
