     0/119     9.41G   0.07139   0.02703   0.01201    0.1104        42       640    0.4776    0.5043    0.4517     0.172   0.04365   0.01718  0.003374
     1/119     14.7G   0.05295   0.02179  0.004687   0.07943        29       640    0.6521    0.5179    0.5693    0.2433   0.03923   0.01533  0.002523
     2/119     14.7G   0.05184   0.02232  0.004971   0.07912        36       640    0.5528    0.4522     0.469    0.1848   0.04251   0.01677  0.002798
     3/119     14.7G   0.05134   0.02258   0.00491   0.07884        44       640    0.5793    0.4798    0.4856    0.1993   0.04278   0.01751  0.003314
     4/119     14.7G   0.04907   0.02206  0.004297   0.07543        40       640    0.6172    0.5856    0.5861     0.258   0.03761    0.0151  0.002276
     5/119     14.7G   0.04741    0.0216  0.004213   0.07322        37       640    0.6344    0.6164    0.6173    0.2738   0.03756   0.01515  0.002141
     6/119     14.7G   0.04554   0.02102  0.003677   0.07024        29       640     0.553    0.5567    0.5371    0.2314   0.03911   0.01556    0.0026
     7/119     14.7G   0.04497   0.02054   0.00361   0.06911        22       640    0.6421    0.6825    0.6681    0.3086   0.03629   0.01428  0.001939
     8/119     14.7G   0.04405   0.02081  0.003256   0.06811        32       640    0.6337    0.6773    0.6683    0.3071   0.03626   0.01447  0.002048
     9/119     14.7G   0.04335   0.02035  0.003449   0.06714        38       640    0.6513    0.6512    0.6605     0.306    0.0352   0.01445  0.001896
    10/119     14.7G   0.04313   0.02013  0.003192   0.06645        46       640    0.7026     0.615    0.6679    0.3149   0.03624   0.01428  0.002212
    11/119     14.7G   0.04277   0.02002  0.003317   0.06611        36       640    0.6525    0.6527    0.6638    0.3153   0.03594    0.0142   0.00195
    12/119     14.7G    0.0421   0.01989  0.003106    0.0651        22       640    0.6942    0.6198     0.679    0.3249   0.03576    0.0141  0.001902
    13/119     14.7G   0.04134   0.01974  0.002923     0.064        33       640    0.6812    0.6817    0.6884    0.3334   0.03521   0.01394  0.001726
    14/119     14.7G   0.04123   0.01939  0.002843   0.06346        41       640    0.7117    0.6569    0.6965    0.3345   0.03525    0.0141  0.001729
    15/119     14.7G   0.04061   0.01948  0.002748   0.06283        31       640    0.7217    0.6772    0.7243    0.3554   0.03449   0.01365  0.001967
    16/119     14.7G   0.04018   0.01907  0.002816   0.06206        44       640    0.7043    0.6799    0.7151     0.357   0.03433   0.01372   0.00175
    17/119     14.7G    0.0399   0.01917  0.002794   0.06187        28       640    0.6927    0.7167     0.715    0.3578   0.03391   0.01355  0.001762
    18/119     14.7G   0.03944   0.01904   0.00267   0.06115        43       640    0.7257    0.6764     0.715    0.3538   0.03423   0.01388  0.001752
    19/119     14.7G   0.03924   0.01906  0.002523   0.06083        51       640    0.7004    0.7079    0.7232    0.3683   0.03421   0.01365  0.001674
    20/119     14.7G   0.03924   0.01849   0.00253   0.06027        35       640     0.733    0.6397    0.6964    0.3507   0.03496   0.01407  0.001609
    21/119     14.7G   0.03858   0.01865  0.002452   0.05968        28       640    0.7452    0.6908    0.7265    0.3621   0.03401   0.01367  0.001853
    22/119     14.7G   0.03834   0.01846  0.002466   0.05926        26       640    0.7392    0.6678    0.7248    0.3632   0.03357   0.01362  0.001736
    23/119     14.7G   0.03834   0.01826  0.002557   0.05916        47       640    0.6832    0.7024    0.7204    0.3551   0.03404   0.01355  0.001779
    24/119     14.7G   0.03819   0.01839  0.002265   0.05885        35       640    0.7174     0.726      0.74    0.3715    0.0336   0.01336  0.001716
    25/119     14.7G   0.03778   0.01787  0.002262   0.05792        30       640    0.7162    0.7027    0.7369    0.3751   0.03363   0.01356  0.001497
    26/119     14.7G   0.03701   0.01778   0.00219   0.05698        28       640    0.7042    0.7109    0.7374    0.3811   0.03367   0.01366  0.001573
    27/119     14.7G   0.03714   0.01795  0.002191   0.05728        23       640    0.7131    0.7055    0.7314    0.3724    0.0342    0.0134  0.001549
    28/119     14.7G   0.03686   0.01793  0.002007   0.05679        37       640    0.7445    0.7008    0.7432     0.375   0.03352   0.01354  0.001647
    29/119     14.7G   0.03649   0.01746  0.002079   0.05603        35       640    0.7332    0.7252    0.7414    0.3746   0.03313   0.01347  0.001884
    30/119     14.7G   0.03609   0.01723  0.002083    0.0554        25       640     0.723    0.7288    0.7452    0.3765   0.03367   0.01349  0.001757
    31/119     14.7G   0.03601   0.01755  0.002132   0.05569        44       640    0.7182    0.7313    0.7454    0.3871   0.03359   0.01345  0.001572
    32/119     14.7G   0.03564   0.01724  0.001823    0.0547        34       640    0.7247    0.7307    0.7488    0.3787   0.03352   0.01342  0.001556
    33/119     14.7G   0.03536   0.01729  0.001991   0.05464        39       640    0.7227    0.7346     0.751    0.3881   0.03313   0.01341  0.001732
    34/119     14.7G   0.03516   0.01681  0.001929   0.05389        29       640    0.7552    0.7119    0.7465    0.3859   0.03362   0.01342  0.001697
    35/119     14.7G   0.03507   0.01718   0.00191   0.05416        23       640    0.7246    0.7162    0.7406    0.3833   0.03326    0.0134   0.00158
    36/119     14.7G   0.03504     0.017  0.002138   0.05417        40       640    0.7663    0.7099     0.751    0.3873   0.03306   0.01339  0.001642
    37/119     14.7G    0.0348   0.01681  0.001856   0.05347        43       640    0.7418    0.7214    0.7477    0.3783   0.03373   0.01361  0.001733
    38/119     14.7G   0.03456   0.01669  0.001958   0.05321        45       640    0.7633     0.698    0.7444    0.3843   0.03324   0.01362  0.001756
    39/119     14.7G   0.03422   0.01658  0.001811   0.05261        21       640    0.7622    0.7027     0.753    0.3884   0.03316   0.01363  0.001664
    40/119     14.7G   0.03377   0.01657  0.001765   0.05211        31       640    0.7822    0.6944    0.7574    0.3938   0.03309   0.01347   0.00162
    41/119     14.7G    0.0339   0.01633  0.001782   0.05201        27       640    0.7679    0.7346    0.7616    0.4049   0.03281   0.01332  0.001682
    42/119     14.7G   0.03355   0.01623  0.001712    0.0515        39       640     0.783    0.7072    0.7589    0.3956   0.03275   0.01359  0.001866
    43/119     14.7G   0.03339   0.01635   0.00175   0.05149        20       640    0.7505    0.7313     0.758    0.3957    0.0332    0.0136  0.001877
    44/119     14.7G   0.03301   0.01619  0.001656   0.05086        43       640    0.7587    0.7214    0.7503    0.3943   0.03323   0.01355  0.001649
    45/119     14.7G   0.03284   0.01609  0.001615   0.05054        31       640    0.7545    0.7202    0.7502    0.3997   0.03301   0.01362  0.001604
    46/119     14.7G   0.03257   0.01594  0.001676   0.05018        63       640    0.7567    0.7248    0.7563    0.3955   0.03302   0.01368  0.001737
    47/119     14.7G   0.03268   0.01598  0.001701   0.05036        40       640    0.7684    0.7237    0.7573    0.4001    0.0327   0.01348  0.001692
    48/119     14.7G   0.03194   0.01569  0.001543   0.04917        43       640    0.7609    0.7246    0.7518    0.3956   0.03287   0.01358  0.001659
    49/119     14.7G   0.03182   0.01549  0.001424   0.04873        44       640    0.7564    0.7264    0.7559     0.395   0.03303   0.01364   0.00169
    50/119     14.7G   0.03155   0.01531  0.001623   0.04848        27       640    0.7336    0.7409    0.7524    0.3975   0.03311   0.01376  0.001687
    51/119     14.7G   0.03147   0.01572   0.00149   0.04869        26       640     0.759    0.7441    0.7601    0.4016   0.03301   0.01362  0.001575
    52/119     14.7G   0.03128   0.01535  0.001421   0.04805        28       640    0.7788    0.7243     0.755       0.4   0.03303   0.01372  0.001709
    53/119     14.7G   0.03072   0.01493  0.001359   0.04701        41       640    0.7745    0.7376    0.7642    0.4024    0.0331   0.01364  0.001736
    54/119     14.7G   0.03084   0.01501  0.001354   0.04721        25       640    0.7641     0.737    0.7589    0.3953   0.03319   0.01389   0.00173
    55/119     14.7G   0.03055    0.0151  0.001321   0.04697        49       640    0.7546    0.7379    0.7573    0.3977   0.03304   0.01389  0.001735
    56/119     14.7G   0.03022   0.01477  0.001352   0.04634        20       640     0.781    0.7246    0.7622    0.4028   0.03298   0.01381  0.001849
    57/119     14.7G   0.02987   0.01469  0.001347    0.0459        23       640    0.7864    0.7229    0.7604    0.3992   0.03303   0.01388  0.001676
    58/119     14.7G    0.0299    0.0148  0.001437   0.04614        31       640    0.8028    0.7068    0.7647    0.3994   0.03301   0.01386  0.001654
    59/119     14.7G   0.02945   0.01453  0.001406   0.04539        35       640    0.7532    0.7426    0.7612    0.3997    0.0333   0.01398  0.001712
    60/119     14.7G   0.02938   0.01432   0.00132   0.04503        43       640    0.7547    0.7266    0.7499    0.3951    0.0334   0.01412  0.001754
    61/119     14.7G   0.02931   0.01441  0.001278     0.045        43       640    0.7644    0.7353    0.7484    0.4005   0.03325   0.01407  0.001663
    62/119     14.7G   0.02931   0.01438  0.001151   0.04484        42       640    0.7686    0.7523    0.7639     0.401   0.03315   0.01399  0.001747
    63/119     14.7G    0.0288   0.01426  0.001232   0.04429        37       640    0.7666    0.7462    0.7597    0.4025   0.03321   0.01395  0.001689
    64/119     14.7G   0.02847   0.01414  0.001237   0.04385        53       640    0.7749    0.7259    0.7587    0.4006   0.03335   0.01408  0.001804
    65/119     14.7G    0.0281   0.01399   0.00126   0.04335        31       640    0.7825    0.7259    0.7609     0.403   0.03341   0.01401  0.001813
    66/119     14.7G   0.02825   0.01396  0.001177   0.04339        24       640    0.7494     0.746    0.7548    0.4056   0.03326   0.01399  0.001817
    67/119     14.7G   0.02814   0.01387  0.001204   0.04321        38       640     0.772    0.7282    0.7563    0.4026   0.03313   0.01404  0.001771
    68/119     14.7G   0.02781   0.01357  0.001158   0.04254        33       640    0.7578    0.7457    0.7621    0.4069   0.03301   0.01405  0.001796
    69/119     14.7G   0.02761   0.01386  0.001209   0.04268        31       640    0.7798    0.7327    0.7648    0.4074   0.03298   0.01415  0.001798
    70/119     14.7G   0.02744    0.0135  0.001135   0.04208        29       640    0.7581    0.7507    0.7576    0.4074   0.03315    0.0142  0.001761
    71/119     14.7G   0.02738   0.01365   0.00126   0.04229        41       640    0.7857    0.7351    0.7565    0.4071   0.03316   0.01427  0.001708
    72/119     14.7G    0.0269   0.01326   0.00102   0.04119        34       640    0.7858    0.7373    0.7571    0.4043    0.0332   0.01429  0.001793
    73/119     14.7G   0.02675   0.01329  0.001128   0.04116        54       640    0.7917    0.7308    0.7559    0.4054   0.03312    0.0143  0.001797
    74/119     14.7G   0.02649   0.01309  0.001069   0.04066        35       640    0.7849    0.7439    0.7562    0.4067   0.03317   0.01435  0.001879
    75/119     14.7G   0.02624   0.01317  0.001032   0.04045        37       640     0.789    0.7356    0.7527    0.4047   0.03332   0.01444  0.001862
    76/119     14.7G   0.02608   0.01305  0.001016   0.04014        24       640    0.7979    0.7326    0.7541    0.4064   0.03331   0.01447  0.001855
    77/119     14.7G   0.02606   0.01303   0.00105   0.04013        44       640    0.7798     0.745    0.7566     0.406   0.03325   0.01449  0.001887
    78/119     14.7G   0.02585   0.01306  0.001068   0.03998        39       640    0.7906    0.7405    0.7602     0.407   0.03334   0.01456  0.001944
    79/119     14.7G   0.02553   0.01278  0.001097   0.03941        35       640    0.7921     0.734    0.7597    0.4058   0.03339   0.01457  0.001954
    80/119     14.7G   0.02551   0.01286  0.001084   0.03946        47       640    0.7894    0.7354    0.7549    0.4041   0.03338   0.01461  0.001989
    81/119     14.7G   0.02524   0.01289   0.00104   0.03917        39       640    0.7756    0.7421     0.753     0.402   0.03341   0.01471   0.00202
    82/119     14.7G   0.02505   0.01258  0.001011   0.03864        30       640    0.7821    0.7352    0.7558    0.4035   0.03335   0.01475  0.001978
    83/119     14.7G   0.02492   0.01242 0.0009474   0.03828        33       640    0.7729    0.7406    0.7522    0.4012   0.03353   0.01484  0.001947
    84/119     14.7G   0.02458    0.0122 0.0009442   0.03772        15       640    0.7757    0.7426    0.7545    0.4013   0.03363   0.01494  0.001941
    85/119     14.7G   0.02422   0.01229 0.0008924    0.0374        35       640    0.7742    0.7382    0.7548    0.4002   0.03368     0.015  0.001933
    86/119     14.7G   0.02421    0.0121 0.0008771   0.03719        31       640    0.7552    0.7469    0.7514    0.3996    0.0337   0.01506  0.001971
    87/119     14.7G   0.02386   0.01192  0.000867   0.03665        41       640    0.7738    0.7335    0.7509    0.4014   0.03367   0.01509  0.001986
    88/119     14.7G   0.02365   0.01195 0.0008192   0.03642        25       640    0.7625    0.7478    0.7532    0.3999   0.03363   0.01513  0.001995
    89/119     14.7G   0.02351   0.01181 0.0008833    0.0362        35       640    0.7688    0.7492    0.7554    0.4005   0.03362   0.01513  0.001997
    90/119     14.7G   0.02327   0.01184 0.0008201   0.03593        40       640    0.7573    0.7553    0.7527    0.4009   0.03362   0.01518  0.001992
    91/119     14.7G    0.0232   0.01167 0.0008755   0.03574        41       640    0.7662     0.748    0.7504     0.403   0.03366   0.01521  0.001981
    92/119     14.7G   0.02295   0.01158 0.0009765   0.03551        42       640    0.7696    0.7476    0.7501    0.4005   0.03364   0.01526  0.001966
    93/119     14.7G   0.02322   0.01156 0.0009001   0.03568        33       640    0.7774      0.74    0.7509    0.4001   0.03365    0.0153  0.001954
    94/119     14.7G   0.02288   0.01148 0.0008907   0.03525        51       640    0.7846    0.7316    0.7471    0.3996   0.03366   0.01534  0.001945
    95/119     14.7G   0.02246   0.01131 0.0008068   0.03457        30       640    0.7908    0.7273    0.7455    0.4002   0.03366   0.01539  0.001946
    96/119     14.7G   0.02232   0.01126 0.0008065   0.03439        33       640    0.7878    0.7362    0.7498       0.4   0.03371   0.01545  0.001954
    97/119     14.7G   0.02217   0.01117 0.0007607    0.0341        22       640    0.7859    0.7318    0.7473       0.4   0.03376   0.01549  0.001966
    98/119     14.7G   0.02202   0.01126 0.0008449   0.03413        40       640    0.7907    0.7261    0.7466    0.4001   0.03378   0.01555  0.001968
    99/119     14.7G   0.02198   0.01107 0.0007185   0.03377        46       640    0.7807     0.739    0.7473    0.3992   0.03383   0.01561  0.001979
   100/119     14.7G   0.02179   0.01097 0.0007841   0.03355        22       640    0.7816    0.7376    0.7475     0.399   0.03391   0.01566  0.001982
   101/119     14.7G   0.02155   0.01083  0.000759   0.03314        36       640     0.775    0.7391     0.748    0.3982   0.03391    0.0157  0.001978
   102/119     9.42G   0.02132   0.01089 0.0007087   0.03292        42       640    0.7827    0.7303    0.7489    0.3987   0.03394   0.01573  0.001987
   103/119     15.5G   0.02131    0.0109 0.0007648   0.03297        29       640    0.7755    0.7363     0.748    0.3982   0.03395   0.01578  0.002001
   104/119     15.5G   0.02119   0.01093 0.0007715   0.03288        36       640    0.7773    0.7363     0.749    0.3989   0.03397   0.01582  0.002007
   105/119     15.5G   0.02084    0.0106 0.0006955   0.03213        44       640    0.7795    0.7373    0.7486    0.3987     0.034   0.01584  0.002016
   106/119     15.5G   0.02089   0.01067 0.0007213   0.03228        40       640     0.776    0.7382    0.7479    0.3989   0.03403   0.01587  0.002021
   107/119     15.5G   0.02072   0.01062 0.0006733   0.03202        37       640    0.7846    0.7306    0.7485    0.3992   0.03404   0.01589  0.002027
   108/119     15.5G   0.02064   0.01055 0.0007008   0.03189        29       640    0.7873    0.7284    0.7479    0.3997   0.03403   0.01593  0.002027
   109/119     15.5G   0.02055   0.01042  0.000698   0.03167        22       640    0.7859    0.7262    0.7481    0.3986   0.03402   0.01597  0.002031
   110/119     15.5G   0.02038   0.01058 0.0006531   0.03162        32       640     0.776    0.7338    0.7485     0.399   0.03402   0.01602  0.002035
   111/119     15.5G   0.02028   0.01036 0.0007615    0.0314        38       640    0.7723    0.7347    0.7471    0.3991   0.03401   0.01606  0.002039
   112/119     15.5G   0.01999   0.01023 0.0006652   0.03088        46       640    0.7792    0.7302    0.7477    0.3996   0.03401   0.01608  0.002039
   113/119     15.5G   0.02011   0.01036 0.0007422   0.03121        36       640    0.7778    0.7344    0.7482    0.3995   0.03401   0.01611  0.002043
   114/119     15.5G   0.02014   0.01038 0.0006467   0.03116        22       640    0.7837    0.7306    0.7493       0.4   0.03401   0.01613  0.002049
   115/119     15.5G   0.01969   0.01028 0.0006999   0.03067        33       640    0.7825    0.7308    0.7487       0.4   0.03401   0.01617  0.002055
   116/119     15.5G   0.01979    0.0101 0.0007267   0.03061        41       640    0.7822    0.7294    0.7479    0.3998   0.03401   0.01619  0.002059
   117/119     15.5G   0.01962   0.01023 0.0006803   0.03053        31       640    0.7851    0.7269     0.749    0.4001     0.034   0.01622  0.002067
   118/119     15.5G   0.01962   0.01004 0.0006494   0.03031        44       640    0.7846    0.7278    0.7495    0.3996   0.03399   0.01625  0.002069
   119/119     15.5G   0.01941   0.01019  0.000628   0.03023        28       640     0.784    0.7308    0.7488    0.3994   0.03399   0.01628  0.002068
